112,49
112,48
112,47
112,46
112,45
112,44
112,43
112,42
112,41
112,40
112,39
112,38
112,37
112,36
131,3
131,2
131,1
131,0
130,3
130,2
130,1
130,0
129,3
129,2
129,1
129,0
128,3
128,2
128,1
128,0
0,278
127,3
127,2
127,1
127,0
112,35
126,5
126,4
126,3
126,2
126,1
126,0
125,3
125,2
125,1
125,0
124,3
124,2
124,1
124,0
123,3
123,2
123,1
123,0
122,3
122,2
122,1
122,0
121,3
121,2
121,1
121,0
120,3
120,2
0,535
0,534
120,1
120,0
119,3
119,2
119,1
119,0
118,4
118,3
118,2
118,1
118,0
117,4
117,3
117,2
117,1
117,0
116,4
116,3
116,2
116,1
116,0
115,3
115,2
115,1
115,0
114,4
114,3
114,2
114,1
114,0
113,5
113,4
113,3
113,2
113,1
113,0
3,2
3,1
3,3
10,226
10,139
10,265
10,142
10,297
10,145
10,223
10,1
10,257
10,2
10,3
11,16
11,26
11,4
11,22
11,24
11,1
11,18
11,2
11,3
9,7
9,6
9,1
9,4
9,2
9,3
8,12
8,11
8,6
